fileName,subject,imgNum,label,ang,xF,yF,wF,hF,xRE,yRE,xLE,yLE,xN,yN,xRM,yRM,xLM,yLM
20130529_01_Driv_001_f ,1,1,2,0,292,209,100,112,323,232,367,231,353,254,332,278,361,278
20130529_01_Driv_002_f ,1,2,2,0,286,200,109,128,324,235,366,235,353,258,333,281,361,281
20130529_01_Driv_003_f ,1,3,2,0,290,204,105,121,325,240,367,239,351,260,334,282,362,282
20130529_01_Driv_004_f ,1,4,2,0,287,202,112,118,325,230,369,230,353,253,335,274,362,275
20130529_01_Driv_005_f ,1,5,2,0,290,193,104,119,325,224,366,225,353,244,333,268,363,268
20130529_01_Driv_006_f ,1,6,2,0,290,204,105,118,324,231,368,232,351,253,335,277,362,276
20130529_01_Driv_007_f ,1,7,2,0,286,211,109,116,325,239,367,239,350,261,333,282,360,284
20130529_01_Driv_008_f ,1,8,2,0,283,220,108,112,321,244,366,246,347,267,326,289,359,289
20130529_01_Driv_009_f ,1,9,2,0,284,216,106,111,320,243,363,242,345,264,329,286,353,285
20130529_01_Driv_010_f ,1,10,2,0,279,212,110,105,319,232,362,232,344,254,327,277,356,277
20130529_01_Driv_011_f ,1,11,2,0,287,214,104,122,319,240,364,240,346,259,326,285,356,284
20130529_01_Driv_012_f ,1,12,2,0,287,223,98,109,316,246,359,247,344,266,324,291,355,290
20130529_01_Driv_013_f ,1,13,2,0,285,223,102,108,316,246,360,246,344,266,327,289,356,288
20130529_01_Driv_014_f ,1,14,2,0,287,224,103,107,321,245,364,246,347,266,327,291,359,289
20130529_01_Driv_015_f ,1,15,2,0,288,211,103,106,320,236,362,235,348,255,327,279,357,277
20130529_01_Driv_016_f ,1,16,2,0,288,215,102,111,324,233,367,231,350,255,330,285,359,284
20130529_01_Driv_017_f ,1,17,2,0,282,209,108,109,318,232,362,231,346,252,328,277,358,277
20130529_01_Driv_018_f ,1,18,2,0,283,249,110,108,319,270,364,270,347,290,328,314,356,315
20130529_01_Driv_019_f ,1,19,2,0,282,235,115,126,324,264,367,265,350,287,331,311,359,312
20130529_01_Driv_020_f ,1,20,2,0,285,232,115,117,326,259,370,260,353,283,334,306,361,306
20130529_01_Driv_021_f ,1,21,2,0,288,221,114,120,328,249,374,250,355,273,337,298,365,299
20130529_01_Driv_022_f ,1,22,2,0,295,218,112,125,334,245,378,247,360,272,344,296,370,295
20130529_01_Driv_023_f ,1,23,2,0,294,234,110,116,333,259,379,261,359,285,344,308,367,309
20130529_01_Driv_024_f ,1,24,2,-15,294,209,115,121,334,236,379,238,359,262,344,284,367,285
20130529_01_Driv_025_f ,1,25,2,-15,297,204,110,122,331,234,377,238,354,261,336,284,364,285
20130529_01_Driv_026_lr,1,26,1,-30,291,211,111,129,319,240,369,245,341,272,327,293,352,295
20130529_01_Driv_027_lr,1,27,1,-30,280,239,122,119,311,266,356,270,324,294,314,314,337,316
20130529_01_Driv_028_lr,1,28,1,-45,271,235,111,123,300,264,345,269,312,291,302,311,327,312
20130529_01_Driv_029_lr,1,29,1,-45,272,217,113,126,297,247,341,249,304,271,299,291,320,292
20130529_01_Driv_030_lr,1,30,1,-45,257,220,110,122,287,246,330,248,291,271,288,295,319,295
20130529_01_Driv_031_lr,1,31,1,-45,265,220,108,127,294,248,341,247,305,274,297,295,329,296
20130529_01_Driv_032_lr,1,32,1,-30,268,219,113,125,299,249,350,252,317,276,307,299,337,298
20130529_01_Driv_033_f ,1,33,2,-15,276,221,112,126,307,249,356,250,327,278,313,300,349,299
20130529_01_Driv_034_f ,1,34,2,0,275,221,122,128,311,249,363,250,334,277,317,297,353,298
20130529_01_Driv_035_f ,1,35,2,0,280,214,117,127,318,244,367,245,341,269,322,292,358,292
20130529_01_Driv_036_f ,1,36,2,0,284,215,118,131,325,246,372,247,347,275,326,295,364,297
20130529_01_Driv_037_f ,1,37,2,0,284,218,120,130,325,249,373,252,351,278,327,297,365,298
20130529_01_Driv_038_f ,1,38,2,0,284,220,120,130,325,247,376,250,352,274,331,297,365,295
20130529_01_Driv_039_f ,1,39,2,0,287,211,118,132,328,242,377,244,356,272,332,293,368,293
20130529_01_Driv_040_f ,1,40,2,0,286,215,117,128,329,244,377,247,356,274,332,295,367,295
20130529_01_Driv_041_f ,1,41,2,0,284,217,117,130,330,246,376,249,355,274,330,295,368,294
20130529_01_Driv_042_f ,1,42,2,0,286,214,121,126,331,244,376,245,357,274,331,292,370,294
20130529_01_Driv_043_f ,1,43,2,0,287,218,122,127,331,245,379,246,359,274,334,294,372,294
20130529_01_Driv_044_f ,1,44,2,0,285,218,129,126,333,245,379,246,361,271,336,295,371,294
20130529_01_Driv_045_f ,1,45,2,0,282,217,127,126,331,244,378,247,362,272,335,295,374,295
20130529_01_Driv_046_f ,1,46,2,0,289,218,121,129,333,246,381,249,361,273,339,294,373,295
20130529_01_Driv_047_f ,1,47,2,0,287,220,126,121,334,244,380,249,362,275,335,296,374,296
20130529_01_Driv_048_f ,1,48,2,0,286,215,125,125,334,241,379,244,361,269,333,291,374,291
20130529_01_Driv_049_f ,1,49,2,0,287,214,124,125,334,240,380,243,362,268,336,288,373,289
20130529_01_Driv_050_f ,1,50,2,0,285,212,126,122,333,237,379,241,361,266,336,286,373,286
20130529_01_Driv_051_f ,1,51,2,0,287,211,126,123,333,236,380,240,360,263,335,284,373,285
20130529_01_Driv_052_f ,1,52,2,0,284,206,127,123,333,233,377,237,361,263,337,283,372,282
20130529_01_Driv_053_f ,1,53,2,0,284,204,127,128,333,234,378,237,361,262,336,281,373,281
20130529_01_Driv_054_f ,1,54,2,0,285,206,127,125,331,235,379,236,360,261,336,282,371,282
20130529_01_Driv_055_f ,1,55,2,0,285,207,127,119,333,235,377,237,361,261,336,280,370,281
20130529_01_Driv_056_f ,1,56,2,0,287,205,126,126,334,234,378,235,361,260,335,281,371,281
20130529_01_Driv_057_f ,1,57,2,0,285,203,128,130,333,231,379,234,362,258,337,280,373,280
20130529_01_Driv_058_f ,1,58,2,0,284,204,130,124,334,231,380,234,363,257,336,278,373,280
20130529_01_Driv_059_f ,1,59,2,0,281,202,133,124,334,230,380,232,364,255,338,276,376,277
20130529_01_Driv_060_f ,1,60,2,0,285,205,128,124,334,232,379,233,362,257,339,278,373,278
20130529_01_Driv_061_f ,1,61,2,0,287,206,123,117,332,231,378,232,361,258,336,277,373,277
20130529_01_Driv_062_f ,1,62,2,0,287,201,123,121,333,227,377,230,362,255,337,275,373,274
20130529_01_Driv_063_f ,1,63,2,0,286,204,125,120,333,230,377,231,362,254,339,275,371,276
20130529_01_Driv_064_f ,1,64,2,0,285,203,123,118,333,231,376,230,362,252,339,275,373,275
20130529_01_Driv_065_f ,1,65,2,0,292,207,118,114,333,231,377,231,363,254,339,277,370,277
20130529_01_Driv_066_f ,1,66,2,0,293,206,115,121,336,231,382,232,362,255,339,276,371,278
20130529_01_Driv_067_f ,1,67,2,0,291,200,119,118,334,228,378,230,363,252,342,274,372,275
20130529_01_Driv_068_f ,1,68,2,0,292,203,113,116,334,228,378,232,364,253,342,274,373,274
20130529_01_Driv_069_f ,1,69,2,0,292,204,118,121,332,229,378,230,363,252,341,274,370,276
20130529_01_Driv_070_f ,1,70,2,0,288,202,118,122,333,229,377,231,362,252,341,273,370,275
20130529_01_Driv_071_f ,1,71,2,0,289,206,124,121,333,231,376,233,361,254,337,277,371,277
20130529_01_Driv_072_f ,1,72,2,0,291,204,116,119,333,230,376,232,362,253,337,276,368,277
20130529_01_Driv_073_f ,1,73,2,0,290,201,118,122,334,229,376,231,361,252,338,274,368,276
20130529_01_Driv_074_f ,1,74,2,0,291,210,115,119,333,231,376,234,360,255,337,275,370,279
20130529_01_Driv_075_f ,1,75,2,0,291,204,116,119,333,229,377,233,360,252,336,275,371,276
20130529_01_Driv_076_f ,1,76,2,0,290,204,117,120,333,229,375,232,359,252,335,274,369,275
20130529_01_Driv_077_f ,1,77,2,0,290,201,114,118,333,227,375,230,359,250,334,273,368,275
20130529_01_Driv_078_f ,1,78,2,0,293,203,113,116,333,229,377,232,361,251,337,274,369,276
20130529_01_Driv_079_f ,1,79,2,0,293,206,111,115,331,229,377,232,356,254,334,276,369,276
20130529_01_Driv_080_f ,1,80,2,0,288,201,118,117,331,228,376,230,357,249,332,273,369,274
20130529_01_Driv_081_f ,1,81,2,0,290,201,115,117,332,228,377,229,359,248,335,275,366,274
20130529_01_Driv_082_f ,1,82,2,0,286,204,119,119,332,229,376,231,358,250,335,274,366,276
20130529_01_Driv_083_f ,1,83,2,0,287,203,122,123,331,229,375,233,357,250,336,275,368,276
20130529_01_Driv_084_f ,1,84,2,0,284,206,120,118,333,229,376,230,359,247,336,274,368,276
20130529_01_Driv_085_f ,1,85,2,0,285,206,120,117,330,229,374,232,357,250,334,275,368,275
20130529_01_Driv_086_f ,1,86,2,0,285,203,123,121,329,229,376,232,357,250,335,277,367,277
20130529_01_Driv_087_f ,1,87,2,0,286,200,116,120,330,229,373,230,359,250,332,274,364,274
20130529_01_Driv_088_f ,1,88,2,0,288,205,117,119,329,232,372,234,356,255,334,276,366,278
20130529_01_Driv_089_f ,1,89,2,0,290,208,107,113,327,230,370,232,357,254,333,275,365,277
20130529_01_Driv_090_f ,1,90,2,0,284,204,115,114,324,229,368,231,351,254,332,276,364,276
20130529_01_Driv_091_f ,1,91,2,0,283,207,114,116,322,231,367,232,347,257,330,275,360,275
20130529_01_Driv_092_f ,1,92,2,0,285,209,110,109,320,232,365,233,345,255,330,277,361,278
20130529_01_Driv_093_f ,1,93,2,0,288,204,103,118,319,231,363,234,345,255,325,278,357,277
20130529_01_Driv_094_f ,1,94,2,0,285,207,109,112,318,229,365,231,344,253,322,274,359,274
20130529_01_Driv_095_f ,1,95,2,0,285,212,106,112,317,237,364,237,341,258,324,281,361,281
20130529_01_Driv_096_f ,1,96,2,0,283,214,112,116,314,240,361,240,342,263,322,287,353,283
20130529_01_Driv_097_f ,1,97,2,0,277,221,114,111,315,244,359,242,342,264,321,289,353,288
20130529_01_Driv_098_f ,1,98,2,0,279,216,115,115,314,240,362,241,342,263,322,287,356,288
20130529_01_Driv_099_f ,1,99,2,0,279,215,116,117,317,240,360,240,342,263,321,286,357,286
20130529_01_Driv_100_f ,1,100,2,0,279,212,117,120,320,240,367,238,342,262,328,285,356,283
20130529_01_Driv_101_f ,1,101,2,0,280,211,114,113,317,232,365,234,342,255,325,281,354,281
20130529_01_Driv_102_f ,1,102,2,0,282,210,114,114,319,234,365,237,341,257,327,283,355,283
20130529_01_Driv_103_f ,1,103,2,0,281,214,113,113,317,236,364,236,344,258,326,283,357,282
20130529_01_Driv_104_f ,1,104,2,0,280,212,119,115,317,234,363,236,342,258,329,283,354,281
20130529_01_Driv_105_f ,1,105,2,0,279,211,118,117,320,234,364,237,342,257,328,282,356,280
20130529_01_Driv_106_f ,1,106,2,0,283,214,114,115,319,236,365,237,344,260,330,286,354,283
20130529_01_Driv_107_f ,1,107,2,0,279,207,118,120,317,235,362,236,341,257,327,281,353,280
20130529_01_Driv_108_f ,1,108,2,0,281,207,112,119,318,234,363,235,341,255,327,281,354,281
20130529_01_Driv_109_f ,1,109,2,0,282,216,114,121,320,240,364,240,341,261,327,285,355,285
20130529_01_Driv_110_f ,1,110,2,0,282,217,114,122,319,238,364,240,342,259,328,285,353,285
20130529_01_Driv_111_f ,1,111,2,0,280,215,110,119,317,238,361,239,339,258,325,281,351,281
20130529_01_Driv_112_f ,1,112,2,0,280,214,110,114,317,238,362,240,341,261,328,287,352,286
20130529_01_Driv_113_f ,1,113,2,0,275,214,113,118,314,241,361,241,340,261,328,284,350,282
20130529_01_Driv_114_f ,1,114,2,0,286,224,97,107,313,241,361,243,335,264,324,287,351,286
20130529_01_Driv_115_f ,1,115,2,0,278,210,113,118,314,241,361,241,339,262,323,287,353,284
20130529_01_Driv_116_f ,1,116,2,0,279,211,113,123,315,241,359,241,341,263,322,286,355,285
20130529_01_Driv_117_f ,1,117,2,0,279,217,106,115,311,243,360,241,338,261,318,286,353,285
20130529_01_Driv_118_f ,1,118,2,0,280,215,113,111,315,239,360,240,337,260,320,284,354,281
20130529_01_Driv_119_f ,1,119,2,0,280,213,104,110,314,239,358,239,337,261,319,283,353,283
20130529_01_Driv_120_f ,1,120,2,0,279,218,109,110,313,243,357,241,336,264,315,287,350,286
20130529_01_Driv_121_f ,1,121,2,0,277,221,109,116,310,241,357,241,334,262,315,286,353,285
20130529_01_Driv_122_f ,1,122,2,0,280,215,110,112,311,240,354,241,337,265,317,286,354,284
20130529_01_Driv_123_f ,1,123,2,0,278,216,110,115,312,243,358,241,336,263,317,286,353,284
20130529_01_Driv_124_f ,1,124,2,0,277,214,111,122,312,240,357,240,337,263,319,286,351,286
20130529_01_Driv_125_f ,1,125,2,0,280,217,110,116,312,241,359,240,337,260,323,286,354,285
20130529_01_Driv_126_f ,1,126,2,0,273,217,117,117,314,241,361,240,339,261,322,284,353,284
20130529_01_Driv_127_f ,1,127,2,0,279,215,111,117,316,243,362,243,342,264,321,287,355,286
20130529_01_Driv_128_f ,1,128,2,0,276,212,113,117,314,238,359,237,344,257,322,284,359,281
20130529_01_Driv_129_f ,1,129,2,0,277,209,108,118,316,237,360,238,344,259,325,283,359,282
20130529_01_Driv_130_f ,1,130,2,0,274,213,116,119,316,241,362,240,345,261,324,284,356,284
20130529_01_Driv_131_f ,1,131,2,0,274,216,112,119,320,240,364,239,346,260,327,284,359,283
20130529_01_Driv_132_f ,1,132,2,0,282,217,108,114,319,241,365,241,345,261,327,285,359,283
20130529_01_Driv_133_f ,1,133,2,0,280,216,110,110,319,239,364,240,347,260,328,283,359,280
20130529_01_Driv_134_f ,1,134,2,0,282,214,104,110,319,239,364,238,347,258,327,283,357,281
20130529_01_Driv_135_f ,1,135,2,0,280,214,109,117,320,239,367,240,345,261,329,283,359,283
20130529_01_Driv_136_f ,1,136,2,0,284,213,105,113,320,237,366,237,348,263,325,283,362,281
20130529_01_Driv_137_f ,1,137,2,0,282,209,111,119,319,236,362,237,346,257,328,280,362,281
20130529_01_Driv_138_f ,1,138,2,0,281,215,110,108,322,237,366,237,352,259,329,281,361,281
20130529_01_Driv_139_f ,1,139,2,0,279,215,108,112,324,236,364,237,350,258,328,281,359,281
20130529_01_Driv_140_f ,1,140,2,0,282,211,106,116,322,236,365,235,349,257,329,278,361,280
20130529_01_Driv_141_f ,1,141,2,0,281,210,109,113,321,234,364,235,350,257,325,282,362,278
20130529_01_Driv_142_f ,1,142,2,0,275,221,112,116,319,243,363,243,348,263,325,286,358,286
20130529_01_Driv_143_f ,1,143,2,0,276,221,110,114,319,244,364,244,348,266,330,286,359,287
20130529_01_Driv_144_f ,1,144,2,0,280,224,105,114,317,248,363,247,347,268,330,290,361,291
20130529_01_Driv_145_f ,1,145,2,0,283,215,103,112,319,240,366,239,347,257,330,283,358,281
20130529_01_Driv_146_f ,1,146,2,0,278,205,114,114,322,229,365,230,351,257,330,278,361,280
20130529_01_Driv_147_f ,1,147,2,0,271,206,114,109,319,227,361,227,350,250,325,272,357,271
20130529_01_Driv_148_f ,1,148,2,0,271,224,114,114,320,250,363,251,349,272,325,295,358,295
20130529_01_Driv_149_f ,1,149,2,0,273,227,114,111,318,249,364,249,346,268,328,292,356,293
20130529_01_Driv_150_f ,1,150,2,0,276,221,108,105,320,241,363,241,348,262,328,285,359,285
20130529_01_Driv_151_f ,1,151,2,15,277,204,109,112,323,230,365,230,355,251,332,272,362,273
20130529_01_Driv_152_f ,1,152,2,15,279,200,114,114,324,223,368,223,354,245,334,269,365,270
20130529_01_Driv_153_f ,1,153,2,15,274,216,109,115,322,241,365,237,351,263,328,287,361,287
20130529_01_Driv_154_f ,1,154,2,15,279,215,108,109,321,237,363,235,354,260,332,280,361,280
20130529_01_Driv_155_f ,1,155,2,15,284,200,106,112,323,226,367,226,356,246,334,271,362,270
20130529_01_Driv_156_f ,1,156,2,15,277,211,121,117,323,232,363,234,356,255,333,280,361,280
20130529_01_Driv_157_f ,1,157,2,15,277,215,114,112,320,238,365,238,353,260,331,283,359,283
20130529_01_Driv_158_f ,1,158,2,15,272,218,125,125,323,249,366,249,357,269,334,295,361,292
20130529_01_Driv_159_f ,1,159,2,15,279,226,116,114,322,249,368,247,354,271,334,295,361,294
20130529_01_Driv_160_f ,1,160,2,15,278,224,116,116,324,247,367,249,353,269,330,289,360,293
20130529_01_Driv_161_f ,1,161,2,15,274,217,121,112,327,243,370,243,356,267,336,286,363,287
20130529_01_Driv_162_f ,1,162,2,15,280,215,116,117,327,241,371,245,357,267,339,286,363,288
20130529_01_Driv_163_f ,1,163,2,15,280,218,117,113,324,240,370,243,357,264,336,289,361,288
20130529_01_Driv_164_f ,1,164,2,15,277,223,122,117,328,243,370,245,357,269,336,293,362,290
20130529_01_Driv_165_f ,1,165,2,15,278,224,119,117,328,246,370,247,356,267,339,292,362,295
20130529_01_Driv_166_f ,1,166,2,15,279,228,120,110,330,248,368,250,361,269,342,295,364,294
20130529_01_Driv_167_f ,1,167,2,15,279,223,117,117,331,249,372,250,364,271,337,295,365,294
20130529_01_Driv_168_ll,1,168,3,30,279,218,122,116,331,246,370,246,369,267,341,290,364,291
20130529_01_Driv_169_ll,1,169,3,30,276,224,130,117,334,247,372,249,367,268,343,294,368,293
20130529_01_Driv_170_ll,1,170,3,45,278,223,127,120,337,247,376,250,373,271,352,295,371,296
20130529_01_Driv_171_ll,1,171,3,45,280,219,121,121,342,247,374,249,376,271,350,293,373,295
20130529_01_Driv_172_ll,1,172,3,45,294,191,116,127,345,219,382,215,386,241,366,268,382,266
20130529_01_Driv_173_ll,1,173,3,45,276,187,138,130,341,223,379,218,381,243,364,272,379,267
20130529_01_Driv_174_ll,1,174,3,45,280,189,128,123,340,220,379,216,381,240,362,267,381,267
20130529_01_Driv_175_ll,1,175,3,45,287,187,122,127,341,219,379,217,381,239,364,267,379,266
20130529_01_Driv_176_ll,1,176,3,45,290,189,120,132,342,218,379,217,379,239,365,270,380,266
20130529_01_Driv_177_ll,1,177,3,45,291,194,119,123,341,220,381,218,381,239,364,268,380,265
20130529_01_Driv_178_ll,1,178,3,45,289,183,127,133,341,218,382,217,379,241,362,270,382,268
20130529_01_Driv_179_ll,1,179,3,45,288,189,125,124,342,218,380,218,380,240,363,267,381,267
20130529_02_Driv_001_f ,2,1,2,15,306,161,111,125,347,187,396,189,380,210,361,237,390,237
20130529_02_Driv_002_f ,2,2,2,15,315,164,101,122,347,187,394,189,381,209,357,240,390,240
20130529_02_Driv_003_f ,2,3,2,15,304,164,112,127,344,189,391,190,378,209,356,241,387,242
20130529_02_Driv_004_f ,2,4,2,15,301,166,112,128,341,192,393,194,377,213,356,244,384,243
20130529_02_Driv_005_f ,2,5,2,15,300,168,118,125,341,193,388,194,377,215,354,246,384,247
20130529_02_Driv_006_f ,2,6,2,15,302,160,108,129,339,184,389,186,374,206,354,240,385,238
20130529_02_Driv_007_f ,2,7,2,15,302,159,112,128,342,183,391,185,377,206,354,237,385,237
20130529_02_Driv_008_f ,2,8,2,15,306,159,107,135,341,184,389,187,373,207,353,240,386,240
20130529_02_Driv_009_f ,2,9,2,15,300,166,113,132,341,192,388,193,375,212,351,244,384,244
20130529_02_Driv_010_f ,2,10,2,15,297,167,116,134,337,192,387,193,371,213,352,246,384,246
20130529_02_Driv_011_f ,2,11,2,15,297,160,114,127,339,186,387,186,373,207,349,241,385,239
20130529_02_Driv_012_f ,2,12,2,15,296,160,116,122,341,184,388,184,376,205,353,237,385,236
20130529_02_Driv_013_f ,2,13,2,15,298,163,109,122,339,188,388,189,374,207,351,240,382,241
20130529_02_Driv_014_f ,2,14,2,15,299,167,111,128,338,192,385,194,372,212,351,243,383,245
20130529_02_Driv_015_f ,2,15,2,15,297,171,110,116,337,194,384,195,373,212,347,246,382,244
20130529_02_Driv_016_f ,2,16,2,15,296,157,115,119,339,181,385,181,373,198,352,232,385,232
20130529_02_Driv_017_f ,2,17,2,15,301,148,109,127,339,174,391,174,377,192,354,227,385,226
20130529_02_Driv_018_f ,2,18,2,15,297,154,112,128,337,181,386,181,373,198,354,230,385,230
20130529_02_Driv_019_f ,2,19,2,15,300,165,108,125,337,189,385,190,372,207,348,242,382,242
20130529_02_Driv_020_f ,2,20,2,15,299,171,109,122,337,195,386,195,372,211,352,246,382,246
20130529_02_Driv_021_f ,2,21,2,15,299,167,113,128,339,192,387,193,373,212,352,244,385,244
20130529_02_Driv_022_f ,2,22,2,15,303,174,108,121,340,197,390,198,375,217,353,250,385,249
20130529_02_Driv_023_f ,2,23,2,15,302,172,112,123,345,198,391,199,379,216,355,249,389,247
20130529_02_Driv_024_f ,2,24,2,15,311,153,106,119,345,175,396,175,382,192,359,227,393,227
20130529_02_Driv_025_f ,2,25,2,15,311,149,112,128,353,177,401,178,385,199,360,231,397,231
20130529_02_Driv_026_f ,2,26,2,15,310,159,111,122,351,181,397,181,383,200,359,233,394,234
20130529_02_Driv_027_f ,2,27,2,15,310,151,112,129,353,178,401,177,385,200,364,232,395,232
20130529_02_Driv_028_f ,2,28,2,15,314,158,110,124,356,184,404,185,387,205,365,234,398,238
20130529_02_Driv_029_f ,2,29,2,15,313,160,115,129,356,189,400,190,386,211,365,246,397,244
20130529_02_Driv_030_f ,2,30,2,15,314,175,110,125,353,199,403,201,386,222,364,254,401,255
20130529_02_Driv_031_f ,2,31,2,15,314,178,113,123,354,203,404,203,388,224,367,255,400,255
20130529_02_Driv_032_f ,2,32,2,15,315,160,115,121,358,186,407,186,393,207,368,237,399,237
20130529_02_Driv_033_f ,2,33,2,15,322,152,113,135,362,178,410,180,395,199,373,232,406,233
20130529_02_Driv_034_f ,2,34,2,15,322,151,108,133,362,180,411,181,396,201,373,231,405,234
20130529_02_Driv_035_f ,2,35,2,15,322,166,109,136,361,194,412,196,396,213,370,247,403,247
20130529_02_Driv_036_f ,2,36,2,15,319,174,111,127,362,201,410,201,393,220,370,252,403,255
20130529_02_Driv_037_f ,2,37,2,15,320,176,109,131,361,200,409,204,394,221,369,253,406,254
20130529_02_Driv_038_f ,2,38,2,15,319,174,109,129,361,197,410,200,396,219,368,250,400,250
20130529_02_Driv_039_f ,2,39,2,15,318,174,115,132,361,202,408,201,391,221,370,252,405,253
20130529_02_Driv_040_f ,2,40,2,15,317,163,113,128,359,192,409,193,394,209,368,242,404,243
20130529_02_Driv_041_f ,2,41,2,15,319,159,113,129,362,187,411,191,396,207,371,239,407,240
20130529_02_Driv_042_f ,2,42,2,15,315,158,113,133,359,186,407,189,390,208,368,239,404,240
20130529_02_Driv_043_f ,2,43,2,15,314,167,115,132,357,192,404,195,391,214,367,247,400,247
20130529_02_Driv_044_f ,2,44,2,15,311,166,115,134,354,195,404,197,390,216,364,247,398,247
20130529_02_Driv_045_f ,2,45,2,15,314,170,110,136,354,196,402,197,391,217,364,249,398,249
20130529_02_Driv_046_f ,2,46,2,15,313,165,108,130,354,191,400,193,387,209,364,240,395,242
20130529_02_Driv_047_f ,2,47,2,15,310,162,112,135,353,189,402,192,390,210,365,241,396,241
20130529_02_Driv_048_f ,2,48,2,15,308,161,117,133,353,192,400,193,389,209,362,243,397,244
20130529_02_Driv_049_f ,2,49,2,15,307,162,115,132,350,189,398,191,386,209,363,241,399,243
20130529_02_Driv_050_f ,2,50,2,15,308,162,111,127,351,188,400,190,386,209,361,239,404,240
20130529_02_Driv_051_f ,2,51,2,15,305,164,114,128,351,187,400,191,384,207,361,240,394,240
20130529_02_Driv_052_f ,2,52,2,15,309,163,110,128,350,187,398,189,382,209,362,241,396,242
20130529_02_Driv_053_f ,2,53,2,15,308,164,111,124,350,191,397,191,382,209,358,242,393,243
20130529_02_Driv_054_f ,2,54,2,15,302,165,116,134,347,194,397,194,384,211,358,241,388,243
20130529_02_Driv_055_f ,2,55,2,15,306,164,112,131,347,192,397,194,383,212,360,243,393,243
20130529_02_Driv_056_f ,2,56,2,15,306,166,114,124,350,194,396,194,384,210,360,245,394,244
20130529_02_Driv_057_f ,2,57,2,15,304,167,112,120,347,189,394,189,383,206,359,240,393,240
20130529_02_Driv_058_f ,2,58,2,15,303,172,109,123,345,195,390,197,381,213,353,245,390,245
20130529_02_Driv_059_f ,2,59,2,15,310,166,109,126,349,189,399,190,383,204,362,239,393,240
20130529_02_Driv_060_f ,2,60,2,15,305,164,112,125,347,189,395,192,386,210,363,238,393,240
20130529_02_Driv_061_f ,2,61,2,15,308,166,108,120,349,189,396,192,384,204,362,240,393,240
20130529_02_Driv_062_f ,2,62,2,15,313,164,102,126,348,185,397,188,384,203,360,236,393,236
20130529_02_Driv_063_f ,2,63,2,15,310,169,106,118,348,191,394,191,384,206,359,238,393,238
20130529_02_Driv_064_f ,2,64,2,15,304,165,110,126,344,188,390,190,378,203,355,237,389,237
20130529_02_Driv_065_f ,2,65,2,15,299,166,111,114,342,187,388,189,378,203,353,235,386,235
20130529_02_Driv_066_f ,2,66,2,15,302,164,112,123,345,187,392,189,379,203,357,235,390,237
20130529_02_Driv_067_ll,2,67,3,30,313,163,107,124,360,189,403,192,393,206,367,237,400,239
20130529_02_Driv_068_f ,2,68,2,15,330,183,101,129,368,210,410,214,399,231,368,258,406,260
20130529_02_Driv_069_f ,2,69,2,15,325,182,105,135,365,210,411,214,399,232,366,257,406,260
20130529_02_Driv_070_f ,2,70,2,15,325,185,103,130,363,213,410,215,397,235,365,257,403,261
20130529_02_Driv_071_f ,2,71,2,15,322,187,108,127,362,213,410,216,396,236,365,261,405,263
20130529_02_Driv_072_f ,2,72,2,15,324,187,101,130,363,213,407,215,393,238,364,262,402,263
20130529_02_Driv_073_f ,2,73,2,15,322,184,105,131,362,214,409,215,393,238,362,261,403,263
20130529_02_Driv_074_f ,2,74,2,15,322,183,106,128,361,211,409,215,391,234,362,257,402,260
20130529_02_Driv_075_f ,2,75,2,15,320,172,107,134,360,205,408,206,393,227,359,251,401,253
20130529_02_Driv_076_f ,2,76,2,15,318,169,112,131,361,198,413,201,393,222,361,246,402,246
20130529_02_Driv_077_f ,2,77,2,0,318,161,108,127,356,189,408,191,387,217,358,238,399,238
20130529_02_Driv_078_f ,2,78,2,0,319,163,103,132,353,195,404,195,386,218,355,241,399,240
20130529_02_Driv_079_f ,2,79,2,0,311,169,108,128,350,199,398,200,381,224,351,246,391,245
20130529_02_Driv_080_f ,2,80,2,0,304,174,113,130,346,203,394,202,377,229,345,251,390,252
20130529_02_Driv_081_f ,2,81,2,0,306,175,111,129,344,203,396,203,374,230,345,249,386,249
20130529_02_Driv_082_f ,2,82,2,0,305,172,109,131,342,203,392,203,371,229,345,250,385,249
20130529_02_Driv_083_f ,2,83,2,0,307,174,104,129,343,203,393,203,371,228,344,249,387,249
20130529_02_Driv_084_f ,2,84,2,0,309,174,105,129,344,203,394,204,374,227,345,249,384,249
20130529_02_Driv_085_f ,2,85,2,0,311,174,107,134,347,203,396,204,376,229,348,249,388,250
20130529_02_Driv_086_f ,2,86,2,0,311,174,107,134,348,203,398,205,377,232,348,251,388,251
20130529_02_Driv_087_f ,2,87,2,0,313,173,108,132,351,202,400,204,382,229,347,249,390,250
20130529_02_Driv_088_f ,2,88,2,0,316,174,109,136,352,204,399,205,382,232,353,249,388,252
20130529_02_Driv_089_f ,2,89,2,0,316,178,107,134,351,204,399,205,383,232,353,251,393,253
20130529_02_Driv_090_f ,2,90,2,0,314,177,109,132,351,204,407,205,383,231,352,252,393,254
20130529_02_Driv_091_f ,2,91,2,0,317,176,109,136,351,203,400,204,382,232,355,252,391,253
20130529_02_Driv_092_f ,2,92,2,0,316,177,109,126,348,204,400,204,382,232,353,253,391,254
20130529_02_Driv_093_f ,2,93,2,0,313,176,114,141,351,203,399,204,378,232,353,254,387,255
20130529_02_Driv_094_f ,2,94,2,0,316,173,103,135,348,201,396,203,375,230,347,251,389,255
20130529_02_Driv_095_f ,2,95,2,0,317,174,102,136,347,202,397,204,374,229,348,250,389,253
20130529_02_Driv_096_f ,2,96,2,0,308,174,112,139,344,203,396,204,372,235,351,250,385,254
20130529_02_Driv_097_f ,2,97,2,0,310,174,109,144,343,202,395,204,369,232,346,252,382,255
20130529_02_Driv_098_f ,2,98,2,0,310,174,110,134,342,203,392,204,364,235,345,252,380,253
20130529_02_Driv_099_f ,2,99,2,0,310,172,110,137,340,203,392,204,364,231,341,252,382,254
20130529_02_Driv_100_f ,2,100,2,0,310,174,102,132,340,203,391,204,365,232,344,250,380,254
20130529_02_Driv_101_f ,2,101,2,0,305,172,110,137,336,203,387,204,361,236,339,251,379,255
20130529_02_Driv_102_f ,2,102,2,0,304,171,109,138,335,202,387,203,359,231,338,251,377,255
20130529_02_Driv_103_f ,2,103,2,0,304,176,112,133,334,203,382,204,359,231,337,253,377,254
20130529_02_Driv_104_f ,2,104,2,0,302,174,110,140,332,203,383,202,356,234,335,254,373,252
20130529_02_Driv_105_f ,2,105,2,0,302,177,102,127,332,203,383,202,354,234,333,252,372,253
20130529_02_Driv_106_f ,2,106,2,0,304,178,103,133,330,201,380,204,354,233,333,254,377,254
20130529_02_Driv_107_f ,2,107,2,0,301,174,107,135,328,202,379,203,353,232,333,253,374,253
20130529_02_Driv_108_f ,2,108,2,0,299,172,111,146,328,203,379,203,352,230,331,251,371,248
20130529_02_Driv_109_f ,2,109,2,0,298,172,108,134,328,203,379,203,353,231,331,250,371,250
20130529_02_Driv_110_f ,2,110,2,0,300,172,107,131,329,203,381,203,352,232,331,250,374,250
20130529_02_Driv_111_f ,2,111,2,0,302,174,107,127,331,201,382,203,355,232,332,246,377,249
20130529_02_Driv_112_f ,2,112,2,0,304,167,106,134,337,201,387,202,365,228,339,244,381,244
20130529_02_Driv_113_f ,2,113,2,15,311,169,108,128,350,198,398,200,380,225,350,244,390,244
20130529_02_Driv_114_ll,2,114,3,30,317,161,110,148,363,195,408,199,399,220,361,240,403,243
20130529_02_Driv_115_ll,2,115,3,45,351,160,111,140,404,186,445,189,444,214,399,235,434,238
20130529_02_Driv_116_ll,2,116,3,45,344,154,117,145,395,184,437,187,436,210,393,235,430,239
20130529_02_Driv_117_ll,2,117,3,30,347,158,106,136,393,184,436,187,430,212,382,235,428,236
20130529_02_Driv_118_ll,2,118,3,30,341,155,113,140,385,184,431,188,422,213,381,234,425,234
20130529_02_Driv_119_f ,2,119,2,15,337,155,117,144,379,186,430,186,419,214,379,235,423,236
20130529_02_Driv_120_f ,2,120,2,15,341,155,106,136,379,186,427,187,417,214,376,235,422,235
20130529_02_Driv_121_f ,2,121,2,15,341,157,112,137,382,187,427,189,414,213,374,232,419,235
20130529_02_Driv_122_f ,2,122,2,15,339,159,112,141,383,186,427,186,417,213,377,236,418,234
20130529_02_Driv_123_ll,2,123,3,30,341,153,116,144,389,183,431,186,426,212,384,232,425,233
20130529_02_Driv_124_ll,2,124,3,45,343,151,113,144,395,185,434,187,435,212,389,232,427,235
20130529_02_Driv_125_ll,2,125,3,45,338,154,101,138,384,179,420,180,424,204,381,229,417,231
20130529_02_Driv_126_ll,2,126,3,30,331,154,107,135,377,178,418,180,418,204,374,229,412,228
20130529_02_Driv_127_f ,2,127,2,15,325,152,110,137,369,180,415,180,406,203,367,227,410,226
20130529_02_Driv_128_f ,2,128,2,15,322,151,111,132,360,178,409,180,399,204,362,227,406,227
20130529_02_Driv_129_f ,2,129,2,0,316,152,114,132,354,178,401,178,390,204,353,228,402,227
20130529_02_Driv_130_f ,2,130,2,0,310,152,118,137,347,180,401,180,381,206,350,228,398,226
20130529_02_Driv_131_f ,2,131,2,0,310,152,115,137,342,180,393,178,371,207,342,229,391,228
20130529_02_Driv_132_f ,2,132,2,0,305,152,118,133,338,181,391,180,365,207,341,234,388,229
20130529_02_Driv_133_f ,2,133,2,0,305,152,107,136,333,182,387,178,361,209,334,230,389,229
20130529_02_Driv_134_f ,2,134,2,0,298,151,121,134,327,180,381,177,352,207,330,227,380,227
20130529_02_Driv_135_f ,2,135,2,-15,294,153,126,133,322,183,376,178,344,209,330,232,376,230
20130529_02_Driv_136_f ,2,136,2,-15,290,151,121,138,317,181,371,177,337,210,324,232,374,229
20130529_02_Driv_137_lr,2,137,1,-30,284,155,123,134,311,183,365,177,330,210,316,234,364,227
20130529_02_Driv_138_lr,2,138,1,-30,276,150,121,137,305,183,359,178,325,210,310,229,362,224
20130529_02_Driv_139_lr,2,139,1,-30,274,152,115,145,300,184,350,178,316,210,311,236,358,230
20130529_02_Driv_140_lr,2,140,1,-45,271,153,104,134,291,187,340,178,302,212,300,237,348,228
20130529_02_Driv_141_lr,2,141,1,-45,255,154,115,141,276,187,323,179,283,212,285,239,329,228
20130529_02_Driv_142_lr,2,142,1,-45,261,156,108,133,280,189,328,181,288,214,293,238,336,230
20130529_02_Driv_143_lr,2,143,1,-45,265,149,112,145,280,186,336,177,296,210,294,236,339,227
20130529_02_Driv_144_lr,2,144,1,-45,262,154,117,133,291,188,344,180,302,209,299,236,348,229
20130529_02_Driv_145_lr,2,145,1,-45,271,153,110,130,294,184,346,177,311,211,305,235,348,227
20130529_02_Driv_146_lr,2,146,1,-30,276,155,114,128,298,184,346,177,313,209,308,237,353,227
20130529_02_Driv_147_lr,2,147,1,-30,273,151,111,132,300,185,353,178,318,210,311,235,356,229
20130529_02_Driv_148_lr,2,148,1,-30,279,153,115,121,305,181,353,175,322,207,314,230,364,226
20130529_02_Driv_149_lr,2,149,1,-30,282,155,115,132,308,184,362,180,329,214,316,233,362,229
20130529_02_Driv_150_lr,2,150,1,-30,285,149,114,132,313,185,362,179,330,212,317,232,367,227
20130529_02_Driv_151_f ,2,151,2,-15,279,144,124,140,313,181,365,177,335,205,320,232,367,227
20130529_02_Driv_152_f ,2,152,2,-15,285,150,115,134,314,180,366,174,337,207,325,234,367,224
20130529_02_Driv_153_f ,2,153,2,-15,291,149,113,131,319,179,370,175,342,205,330,229,373,224
20130529_02_Driv_154_f ,2,154,2,-15,294,150,111,128,317,179,372,175,342,204,327,229,373,222
20130529_02_Driv_155_f ,2,155,2,0,291,150,109,127,317,178,371,172,345,201,327,227,373,223
20130529_02_Driv_156_f ,2,156,2,0,292,147,114,126,324,176,371,172,347,197,326,225,373,220
20130529_02_Driv_157_f ,2,157,2,0,294,152,111,127,322,179,374,174,345,203,329,227,374,221
20130529_02_Driv_158_f ,2,158,2,0,292,152,115,126,322,177,373,174,345,199,330,229,374,224
20130529_02_Driv_159_f ,2,159,2,0,289,149,114,122,322,177,373,172,348,199,330,224,376,221
20130529_02_Driv_160_f ,2,160,2,0,290,148,114,126,320,176,372,171,346,196,325,224,372,219
20130529_02_Driv_161_f ,2,161,2,0,285,144,120,128,320,176,368,170,345,196,328,221,373,219
20130529_02_Driv_162_f ,2,162,2,0,290,151,117,126,318,179,367,172,345,201,329,227,372,220
20130529_02_Driv_163_f ,2,163,2,0,285,147,120,130,317,178,367,172,345,199,327,227,372,220
20130529_02_Driv_164_f ,2,164,2,0,286,147,111,127,313,177,363,169,342,198,323,224,368,218
20130529_02_Driv_165_f ,2,165,2,0,281,144,118,129,313,172,363,166,337,195,322,224,367,217
20130529_02_Driv_166_f ,2,166,2,0,284,146,117,131,312,176,363,170,339,198,321,225,369,217
20130529_02_Driv_167_f ,2,167,2,0,281,144,122,134,310,178,361,170,342,200,322,227,369,221
20130529_02_Driv_168_f ,2,168,2,0,278,144,123,133,307,180,357,169,335,203,319,229,362,218
20130529_02_Driv_169_f ,2,169,2,0,277,148,123,128,303,180,357,171,338,201,319,230,366,221
20130529_02_Driv_170_f ,2,170,2,0,276,152,128,132,306,185,360,175,337,206,316,234,362,227
20130530_03_Driv_001_f ,3,1,2,0,276,252,137,136,317,278,373,277,349,304,330,337,365,335
20130530_03_Driv_002_f ,3,2,2,0,274,239,131,144,309,269,363,272,340,296,319,326,354,327
20130530_03_Driv_003_f ,3,3,2,0,271,245,132,141,307,274,362,274,333,297,312,331,350,334
20130530_03_Driv_004_f ,3,4,2,0,274,244,126,150,307,275,360,275,331,297,314,332,351,335
20130530_03_Driv_005_f ,3,5,2,0,274,237,129,149,308,267,364,268,334,291,317,324,354,326
20130530_03_Driv_006_f ,3,6,2,0,276,236,125,143,311,269,364,271,336,291,317,324,349,327
20130530_03_Driv_007_f ,3,7,2,15,310,257,114,128,348,278,395,284,378,304,356,337,389,340
20130530_03_Driv_008_f ,3,8,2,15,308,247,115,133,348,271,396,274,382,297,357,326,390,329
20130530_03_Driv_009_f ,3,9,2,15,305,250,118,141,347,278,396,282,379,304,357,334,387,337
20130530_03_Driv_010_f ,3,10,2,15,307,258,116,128,347,283,395,286,376,308,359,338,388,339
20130530_03_Driv_011_f ,3,11,2,15,309,254,115,129,353,277,396,280,384,304,358,333,391,337
20130530_03_Driv_012_f ,3,12,2,15,313,251,114,131,354,276,402,279,386,301,361,332,393,334
20130530_03_Driv_013_f ,3,13,2,15,310,258,117,130,354,280,401,283,385,307,360,335,395,338
20130530_03_Driv_014_f ,3,14,2,15,314,261,110,131,354,286,401,290,384,311,364,339,391,343
20130530_03_Driv_015_f ,3,15,2,15,306,261,113,125,350,284,399,288,381,310,361,338,388,340
20130530_03_Driv_016_f ,3,16,2,15,309,251,117,130,353,275,399,278,382,300,357,328,390,330
20130530_03_Driv_017_f ,3,17,2,15,313,251,110,125,354,272,400,275,382,297,360,326,390,329
20130530_03_Driv_018_f ,3,18,2,15,308,253,114,128,350,278,398,282,380,303,359,332,390,337
20130530_03_Driv_019_f ,3,19,2,15,305,267,119,128,351,292,397,296,379,314,356,347,388,347
20130530_03_Driv_020_f ,3,20,2,15,310,264,114,125,352,286,397,289,381,311,359,338,393,340
20130530_03_Driv_021_f ,3,21,2,15,315,253,109,128,354,278,402,280,385,301,363,329,393,331
20130530_03_Driv_022_f ,3,22,2,15,311,254,114,134,354,277,400,282,385,304,362,332,393,335
20130530_03_Driv_023_f ,3,23,2,15,313,258,111,129,356,280,400,283,384,306,360,335,390,337
20130530_03_Driv_024_f ,3,24,2,15,313,260,107,129,354,281,401,286,384,306,364,335,391,338
20130530_03_Driv_025_f ,3,25,2,15,310,257,115,128,354,280,400,287,383,307,362,335,392,338
20130530_03_Driv_026_f ,3,26,2,15,306,254,122,133,356,280,403,286,386,305,362,334,391,338
20130530_03_Driv_027_f ,3,27,2,15,311,255,111,129,355,279,401,284,385,305,361,332,390,337
20130530_03_Driv_028_f ,3,28,2,15,311,254,116,129,356,278,401,284,385,305,362,332,391,335
20130530_03_Driv_029_f ,3,29,2,15,310,253,117,132,356,276,400,280,384,303,360,329,391,333
20130530_03_Driv_030_f ,3,30,2,15,309,255,116,132,356,277,402,283,386,306,362,332,393,336
20130530_03_Driv_031_f ,3,31,2,15,309,255,117,131,355,281,402,287,386,307,361,335,390,340
20130530_03_Driv_032_f ,3,32,2,15,306,259,119,132,354,283,402,289,382,312,362,337,390,340
20130530_03_Driv_033_f ,3,33,2,15,310,259,120,133,353,284,400,289,384,311,361,338,388,343
20130530_03_Driv_034_f ,3,34,2,15,301,258,123,131,352,283,397,287,378,307,357,335,390,341
20130530_03_Driv_035_f ,3,35,2,15,306,258,113,129,348,281,396,286,374,308,350,335,382,337
20130530_03_Driv_036_f ,3,36,2,0,304,256,112,128,341,279,391,283,367,305,346,331,379,334
20130530_03_Driv_037_f ,3,37,2,0,297,255,117,129,333,281,382,283,356,303,337,330,371,335
20130530_03_Driv_038_f ,3,38,2,0,293,253,115,135,317,281,373,283,343,305,330,334,356,335
20130530_03_Driv_039_lr,3,39,1,-30,274,255,114,129,299,284,341,284,313,307,304,336,331,337
20130530_03_Driv_040_lr,3,40,1,-30,268,255,102,128,290,288,334,286,300,311,296,338,324,338
20130530_03_Driv_041_lr,3,41,1,-30,271,261,102,126,297,291,337,292,309,313,301,338,335,341
20130530_03_Driv_042_f ,3,42,2,-15,279,261,112,128,312,287,361,287,332,311,320,338,350,340
20130530_03_Driv_043_f ,3,43,2,0,289,263,108,129,318,287,369,289,341,311,329,338,356,340
20130530_03_Driv_044_f ,3,44,2,0,291,265,111,121,320,286,371,289,344,311,327,339,360,339
20130530_03_Driv_045_f ,3,45,2,0,288,257,112,125,326,281,374,284,345,307,332,334,359,337
20130530_03_Driv_046_f ,3,46,2,0,294,254,111,123,328,282,377,283,353,304,336,332,361,334
20130530_03_Driv_047_f ,3,47,2,0,297,260,109,127,330,284,377,286,354,310,337,336,365,339
20130530_03_Driv_048_f ,3,48,2,0,294,264,114,130,328,292,376,292,353,315,337,345,365,347
20130530_03_Driv_049_f ,3,49,2,0,295,270,116,129,332,292,380,294,357,319,341,347,368,347
20130530_03_Driv_050_f ,3,50,2,0,297,267,115,125,337,292,382,292,363,314,345,346,375,347
20130530_03_Driv_051_f ,3,51,2,0,299,263,113,137,337,291,384,295,367,317,349,345,374,347
20130530_03_Driv_052_f ,3,52,2,0,303,267,105,128,341,292,385,294,366,318,346,348,375,352
20130530_03_Driv_053_f ,3,53,2,0,300,269,109,126,341,294,388,296,366,321,349,347,373,350
20130530_03_Driv_054_f ,3,54,2,0,301,271,110,133,338,297,387,300,367,323,347,350,376,353
20130530_03_Driv_055_f ,3,55,2,0,295,268,122,133,341,295,388,297,368,321,347,348,377,355
20130530_03_Driv_056_f ,3,56,2,0,302,266,111,125,343,291,389,292,371,318,348,346,381,350
20130530_03_Driv_057_f ,3,57,2,0,310,260,106,131,344,287,392,291,375,313,350,341,384,346
20130530_03_Driv_058_f ,3,58,2,0,308,259,108,128,348,286,394,289,374,312,353,338,385,345
20130530_03_Driv_059_f ,3,59,2,0,306,268,114,129,341,292,389,295,372,321,347,349,379,351
20130530_03_Driv_060_f ,3,60,2,0,299,274,114,128,337,297,384,302,365,327,346,354,373,357
20130530_03_Driv_061_f ,3,61,2,0,299,267,115,128,337,292,385,296,367,321,347,347,373,350
20130530_03_Driv_062_f ,3,62,2,0,304,264,111,128,337,286,387,290,363,317,344,343,375,345
20130530_03_Driv_063_f ,3,63,2,0,302,264,111,130,337,287,384,289,363,314,342,340,371,346
20130530_03_Driv_064_f ,3,64,2,0,300,263,113,126,334,287,383,290,361,317,343,343,371,346
20130530_03_Driv_065_f ,3,65,2,0,301,265,107,131,333,291,382,294,360,318,341,346,371,349
20130530_03_Driv_066_f ,3,66,2,0,298,273,112,125,333,295,382,298,359,323,339,349,367,353
20130530_03_Driv_067_f ,3,67,2,0,300,269,110,117,331,287,381,291,360,314,340,340,369,344
20130530_03_Driv_068_f ,3,68,2,0,300,255,117,126,336,277,382,280,360,304,340,331,368,331
20130530_03_Driv_069_f ,3,69,2,0,302,247,113,134,337,274,387,277,360,300,347,327,374,330
20130530_03_Driv_070_f ,3,70,2,0,302,254,115,129,335,277,382,279,361,304,342,332,371,335
20130530_03_Driv_071_f ,3,71,2,0,298,256,115,132,334,283,383,285,359,308,343,334,374,338
20130530_03_Driv_072_f ,3,72,2,0,299,262,116,122,334,285,382,289,362,310,340,336,372,339
20130530_03_Driv_073_f ,3,73,2,0,304,255,105,128,335,280,382,283,363,305,344,331,369,334
20130530_03_Driv_074_f ,3,74,2,0,304,252,111,128,337,275,385,278,362,301,344,326,376,330
20130530_03_Driv_075_f ,3,75,2,0,302,252,113,131,337,279,385,284,362,305,345,331,373,335
20130530_03_Driv_076_f ,3,76,2,0,304,257,107,124,338,278,382,283,363,306,345,329,372,337
20130530_03_Driv_077_f ,3,77,2,0,307,255,106,134,339,282,385,286,365,307,348,333,376,337
20130530_03_Driv_078_f ,3,78,2,0,308,255,106,131,339,285,387,289,364,309,345,334,376,338
20130530_03_Driv_079_f ,3,79,2,0,306,257,107,131,338,284,385,289,365,309,346,335,374,340
20130530_03_Driv_080_f ,3,80,2,0,305,257,115,128,342,284,387,288,370,309,349,334,375,338
20130530_03_Driv_081_f ,3,81,2,0,301,252,117,132,344,280,390,284,371,304,350,330,374,334
20130530_03_Driv_082_f ,3,82,2,0,309,261,108,125,344,283,388,287,372,311,350,335,377,340
20130530_03_Driv_083_f ,3,83,2,15,305,262,111,122,344,286,387,291,371,311,346,337,377,342
20130530_03_Driv_084_f ,3,84,2,15,306,257,110,127,347,282,389,286,371,307,351,333,380,335
20130530_03_Driv_085_f ,3,85,2,15,309,255,108,128,347,278,390,284,374,304,351,331,380,335
20130530_03_Driv_086_f ,3,86,2,15,304,260,113,129,344,283,390,287,374,311,353,336,379,340
20130530_03_Driv_087_f ,3,87,2,15,305,258,109,133,345,285,388,290,374,312,351,337,380,344
20130530_03_Driv_088_f ,3,88,2,15,308,257,108,127,347,281,391,287,375,307,354,332,379,340
20130530_03_Driv_089_f ,3,89,2,15,309,252,109,131,348,278,397,285,376,306,356,332,387,335
20130530_03_Driv_090_f ,3,90,2,15,310,260,104,124,349,282,392,289,376,309,354,337,380,338
20130530_03_Driv_091_f ,3,91,2,15,304,258,114,133,348,284,391,290,375,312,349,338,381,344
20130530_03_Driv_092_f ,3,92,2,15,308,260,108,127,350,288,394,294,376,314,354,342,384,344
20130530_03_Driv_093_f ,3,93,2,15,308,261,112,129,348,285,393,291,377,309,354,337,382,343
20130530_03_Driv_094_f ,3,94,2,15,313,258,107,131,353,282,394,287,379,309,353,333,384,338
20130530_03_Driv_095_f ,3,95,2,15,310,256,110,127,353,283,396,287,381,307,357,334,385,338
20130530_03_Driv_096_f ,3,96,2,15,308,256,117,130,353,281,394,287,379,308,356,333,384,339
20130530_03_Driv_097_f ,3,97,2,15,308,265,115,128,354,289,397,295,379,320,357,341,384,347
20130530_03_Driv_098_f ,3,98,2,15,307,263,115,134,350,290,393,298,378,318,355,344,380,349
20130530_03_Driv_099_f ,3,99,2,15,311,263,113,131,351,287,396,295,381,318,355,343,387,346
20130530_03_Driv_100_f ,3,100,2,15,313,255,114,139,354,282,399,290,382,311,357,337,388,343
20130530_03_Driv_101_f ,3,101,2,15,309,254,118,137,354,284,397,292,384,313,361,338,384,338
20130530_03_Driv_102_f ,3,102,2,15,314,261,110,139,354,286,397,293,382,316,357,341,386,344
20130530_03_Driv_103_f ,3,103,2,15,302,262,125,138,354,286,399,294,382,313,358,341,389,344
20130530_03_Driv_104_f ,3,104,2,15,313,263,114,138,353,288,400,295,382,317,361,343,390,347
20130530_03_Driv_105_f ,3,105,2,15,306,261,121,139,354,288,398,295,384,317,358,343,386,346
20130530_03_Driv_106_f ,3,106,2,15,307,264,116,134,354,289,399,294,382,318,362,343,391,347
20130530_03_Driv_107_f ,3,107,2,15,313,260,115,133,351,283,399,291,383,311,359,338,387,340
20130530_03_Driv_108_f ,3,108,2,15,307,255,120,134,356,281,399,290,386,311,361,336,386,341
20130530_03_Driv_109_f ,3,109,2,15,309,261,116,132,351,286,398,294,381,317,357,343,387,346
20130530_03_Driv_110_f ,3,110,2,15,310,264,115,136,352,294,395,300,379,320,353,347,385,351
20130530_03_Driv_111_f ,3,111,2,15,309,268,116,133,351,294,396,300,380,324,355,351,385,354
20130530_03_Driv_112_f ,3,112,2,15,305,264,117,133,352,291,397,297,382,319,352,346,385,349
20130530_03_Driv_113_f ,3,113,2,15,305,261,121,135,355,289,396,295,380,315,356,343,387,347
20130530_03_Driv_114_f ,3,114,2,15,310,267,115,131,354,292,397,300,377,320,357,347,387,352
20130530_03_Driv_115_f ,3,115,2,15,307,269,111,131,350,295,396,301,377,321,354,348,382,352
20130530_03_Driv_116_f ,3,116,2,15,309,264,113,136,353,295,396,299,379,322,355,347,386,350
20130530_03_Driv_117_f ,3,117,2,15,309,266,118,133,354,291,396,297,379,321,358,344,388,348
20130530_03_Driv_118_f ,3,118,2,15,305,269,117,133,351,296,395,301,379,326,356,350,385,354
20130530_03_Driv_119_f ,3,119,2,15,305,271,118,136,350,300,394,306,377,327,353,352,382,357
20130530_03_Driv_120_f ,3,120,2,15,305,267,116,133,349,295,394,301,376,321,356,347,383,352
20130530_03_Driv_121_f ,3,121,2,15,300,263,123,138,350,288,397,295,377,320,356,342,387,348
20130530_03_Driv_122_f ,3,122,2,15,310,260,116,140,350,289,396,294,379,318,356,342,385,347
20130530_03_Driv_123_f ,3,123,2,15,307,266,114,136,350,294,394,298,376,320,353,347,385,350
20130530_03_Driv_124_f ,3,124,2,15,310,268,112,135,349,295,393,300,375,321,353,349,382,352
20130530_03_Driv_125_f ,3,125,2,15,308,266,112,137,348,294,394,300,377,321,353,348,383,349
20130530_03_Driv_126_f ,3,126,2,15,310,263,112,136,348,292,394,297,377,317,353,344,387,347
20130530_03_Driv_127_f ,3,127,2,15,307,260,113,135,350,291,395,296,377,318,351,344,382,346
20130530_03_Driv_128_f ,3,128,2,15,305,266,112,131,345,295,391,300,374,323,349,346,382,349
20130530_03_Driv_129_f ,3,129,2,15,307,265,107,129,345,292,391,298,373,320,351,346,379,349
20130530_03_Driv_130_f ,3,130,2,15,311,263,107,131,345,289,395,295,374,315,351,343,382,345
20130530_03_Driv_131_f ,3,131,2,15,307,258,108,134,345,287,389,292,372,314,350,340,382,341
20130530_03_Driv_132_f ,3,132,2,15,310,260,105,129,347,289,393,294,371,316,354,340,381,344
20130530_03_Driv_133_f ,3,133,2,15,306,261,107,125,345,287,389,292,371,313,351,339,379,343
20130530_03_Driv_134_f ,3,134,2,15,307,260,105,124,344,284,390,287,372,308,350,335,379,339
20130530_03_Driv_135_f ,3,135,2,15,304,258,110,124,345,282,390,285,371,305,351,334,381,335
20130530_03_Driv_136_f ,3,136,2,15,305,257,111,122,345,280,388,284,371,304,355,329,381,333
20130530_03_Driv_137_f ,3,137,2,15,304,260,111,123,343,282,387,284,368,308,350,335,378,336
20130530_03_Driv_138_f ,3,138,2,15,303,258,108,125,343,281,386,284,370,305,351,331,377,335
20130530_03_Driv_139_f ,3,139,2,15,303,254,111,126,344,277,388,282,371,302,352,329,380,332
20130530_03_Driv_140_f ,3,140,2,15,306,258,108,125,345,281,387,285,371,303,351,330,378,333
20130530_03_Driv_141_f ,3,141,2,15,304,256,108,128,343,282,387,286,370,305,345,333,376,335
20130530_03_Driv_142_f ,3,142,2,15,300,254,114,124,342,278,384,283,369,301,347,329,378,332
20130530_03_Driv_143_f ,3,143,2,15,307,263,101,120,342,287,385,291,367,309,347,337,377,338
20130530_03_Driv_144_f ,3,144,2,15,304,258,111,129,343,285,388,290,373,311,348,335,379,340
20130530_03_Driv_145_f ,3,145,2,15,306,260,113,134,350,284,391,289,373,313,353,337,381,339
20130530_03_Driv_146_f ,3,146,2,15,306,265,112,124,344,287,391,291,371,320,351,341,382,343
20130530_03_Driv_147_f ,3,147,2,15,307,258,110,129,347,286,394,291,371,315,354,338,385,341
20130530_03_Driv_148_f ,3,148,2,15,309,260,107,136,345,285,390,289,371,316,351,339,378,342
20130530_03_Driv_149_f ,3,149,2,15,306,260,114,129,347,283,393,288,375,312,354,335,382,338
20130530_03_Driv_150_f ,3,150,2,15,315,255,101,135,349,284,393,287,377,312,354,337,381,341
20130530_03_Driv_151_f ,3,151,2,15,310,269,105,129,348,292,390,296,372,321,349,344,381,351
20130530_03_Driv_152_f ,3,152,2,15,308,268,106,133,347,295,391,301,374,321,350,348,380,352
20130530_03_Driv_153_f ,3,153,2,15,309,273,108,131,348,295,390,298,373,323,352,348,381,351
20130530_03_Driv_154_f ,3,154,2,15,310,274,109,130,347,298,393,302,376,324,350,351,379,355
20130530_03_Driv_155_f ,3,155,2,15,311,273,109,132,348,297,393,302,374,325,350,349,383,354
20130530_03_Driv_156_f ,3,156,2,15,311,274,105,131,346,297,395,302,378,326,355,351,380,356
20130530_03_Driv_157_f ,3,157,2,15,310,273,107,133,348,299,394,303,378,326,354,349,384,354
20130530_03_Driv_158_f ,3,158,2,15,307,272,113,133,350,300,394,304,376,329,356,353,386,354
20130530_03_Driv_159_f ,3,159,2,15,311,272,107,133,350,295,398,300,380,324,353,348,388,355
20130530_03_Driv_160_f ,3,160,2,15,310,274,117,135,352,300,398,304,382,327,356,351,386,356
20130530_03_Driv_161_f ,3,161,2,15,305,273,117,131,354,299,401,304,380,327,355,352,390,357
20130530_03_Driv_162_f ,3,162,2,15,307,270,120,130,352,298,397,302,383,326,356,352,389,358
20130530_03_Driv_163_f ,3,163,2,15,308,269,118,134,351,299,399,304,381,327,355,353,386,356
20130530_03_Driv_164_f ,3,164,2,0,305,274,112,130,342,302,388,304,368,331,350,355,378,360
20130530_03_Driv_165_f ,3,165,2,0,300,269,117,134,334,300,384,302,360,327,344,351,373,356
20130530_03_Driv_166_f ,3,166,2,0,297,271,114,135,326,297,377,300,351,325,336,351,362,353
20130530_03_Driv_167_f ,3,167,2,-15,291,274,114,132,318,300,365,301,336,324,328,352,352,356
20130530_04_Driv_001_f ,4,1,2,0,300,174,132,140,346,207,397,204,372,234,351,261,396,260
20130530_04_Driv_002_f ,4,2,2,0,301,174,126,140,341,209,397,204,371,234,354,263,391,261
20130530_04_Driv_003_f ,4,3,2,0,304,174,118,135,339,204,390,200,366,229,352,261,389,258
20130530_04_Driv_004_f ,4,4,2,0,302,174,118,137,333,205,382,201,360,232,345,262,379,260
20130530_04_Driv_005_f ,4,5,2,0,293,174,115,135,326,209,377,202,352,234,338,262,374,260
20130530_04_Driv_006_lr,4,6,1,-30,286,172,116,134,310,210,357,202,330,232,322,263,351,258
20130530_04_Driv_007_f ,4,7,2,-15,288,175,119,134,313,207,362,200,336,229,329,260,362,256
20130530_04_Driv_008_f ,4,8,2,0,295,175,124,131,330,209,381,202,359,230,347,260,380,258
20130530_04_Driv_009_f ,4,9,2,0,351,179,98,136,384,209,426,205,417,232,391,261,423,262
20130530_04_Driv_010_ll,4,10,3,30,357,176,100,137,387,206,427,207,424,231,394,258,425,260
20130530_04_Driv_011_ll,4,11,3,30,353,178,101,136,387,208,426,207,420,233,391,261,419,263
20130530_04_Driv_012_ll,4,12,3,30,348,176,106,150,384,204,427,203,419,230,389,257,421,259
20130530_04_Driv_013_ll,4,13,3,30,345,172,108,140,384,202,422,204,415,228,388,253,420,257
20130530_04_Driv_014_ll,4,14,3,30,341,177,107,142,380,203,426,204,414,229,385,256,417,259
20130530_04_Driv_015_ll,4,15,3,30,344,174,107,143,381,204,420,205,413,230,384,257,415,260
20130530_04_Driv_016_ll,4,16,3,30,342,174,108,143,381,204,425,204,411,228,385,255,417,258
20130530_04_Driv_017_ll,4,17,3,30,342,172,106,143,380,203,421,205,412,230,386,254,419,255
20130530_04_Driv_018_ll,4,18,3,30,347,172,100,137,377,201,420,201,410,227,381,253,414,255
20130530_04_Driv_019_f ,4,19,2,15,344,173,101,140,376,205,422,206,410,230,380,255,416,259
20130530_04_Driv_020_f ,4,20,2,15,337,184,108,134,371,211,417,212,402,235,376,263,411,266
20130530_04_Driv_021_f ,4,21,2,15,336,182,104,135,370,207,418,208,399,235,370,262,409,262
20130530_04_Driv_022_f ,4,22,2,15,336,187,100,131,361,211,410,214,394,243,370,265,410,267
20130530_04_Driv_023_f ,4,23,2,15,330,191,104,124,362,214,408,214,393,241,370,264,411,267
20130530_04_Driv_024_f ,4,24,2,15,321,188,108,132,352,215,399,212,385,243,358,265,402,263
20130530_04_Driv_025_f ,4,25,2,0,309,186,116,132,345,216,390,214,370,242,346,269,397,266
20130530_04_Driv_026_f ,4,26,2,0,302,176,118,122,332,204,384,199,364,225,343,254,379,249
20130530_04_Driv_027_f ,4,27,2,0,299,176,120,125,331,202,381,197,360,226,345,252,384,249
20130530_04_Driv_028_f ,4,28,2,0,306,176,110,128,330,202,379,196,360,226,342,254,384,250
20130530_04_Driv_029_f ,4,29,2,0,302,183,126,128,331,213,382,207,361,237,342,265,381,261
20130530_04_Driv_030_f ,4,30,2,0,298,184,122,127,332,210,382,206,362,237,342,265,382,260
20130530_04_Driv_031_f ,4,31,2,0,302,178,115,131,331,207,384,200,361,229,343,261,384,257
20130530_04_Driv_032_f ,4,32,2,0,299,179,121,133,328,210,382,204,361,233,341,260,382,257
20130530_04_Driv_033_f ,4,33,2,0,299,178,119,134,330,209,383,206,357,235,342,263,380,258
20130530_04_Driv_034_f ,4,34,2,0,298,178,121,130,329,206,385,204,358,231,341,263,381,257
20130530_04_Driv_035_f ,4,35,2,0,296,182,117,128,327,209,377,203,355,233,337,263,381,260
20130530_04_Driv_036_f ,4,36,2,0,297,184,114,127,324,209,378,206,351,235,336,263,376,260
20130530_04_Driv_037_f ,4,37,2,0,297,176,113,131,322,208,371,205,352,234,337,260,375,257
20130530_04_Driv_038_f ,4,38,2,0,291,180,117,138,315,212,367,204,342,237,331,266,369,261
20130530_04_Driv_039_f ,4,39,2,0,286,183,119,140,313,217,364,209,337,239,328,269,366,263
20130530_04_Driv_040_f ,4,40,2,-15,279,178,112,136,301,210,348,201,324,233,316,262,352,257
20130530_04_Driv_041_f ,4,41,2,-15,275,177,116,139,302,211,351,203,325,235,317,266,356,261
20130530_04_Driv_042_f ,4,42,2,-15,276,177,117,134,299,211,348,203,323,237,319,267,353,253
20130530_04_Driv_043_f ,4,43,2,-15,273,173,120,138,299,205,350,200,320,232,317,262,347,257
20130530_04_Driv_044_f ,4,44,2,-15,270,179,107,133,292,208,342,203,310,235,306,263,341,257
20130530_04_Driv_045_f ,4,45,2,-15,268,181,115,135,296,212,342,204,316,237,311,269,342,262
20130530_04_Driv_046_f ,4,46,2,-15,271,189,120,132,300,222,347,213,323,243,318,275,350,266
20130530_04_Driv_047_f ,4,47,2,0,279,190,110,121,307,215,355,208,331,237,326,268,353,263
20130530_04_Driv_048_f ,4,48,2,15,314,175,121,139,355,202,407,200,387,225,365,258,403,255
20130530_04_Driv_049_f ,4,49,2,15,329,174,102,140,359,201,407,203,394,230,365,257,402,258
20130530_04_Driv_050_f ,4,50,2,15,330,173,108,142,364,203,413,201,397,231,368,256,410,259
20130530_04_Driv_051_f ,4,51,2,15,332,175,107,142,369,204,413,203,399,232,376,259,411,261
20130530_04_Driv_052_f ,4,52,2,15,336,174,103,132,374,202,417,203,405,228,376,257,414,260
20130530_04_Driv_053_f ,4,53,2,15,342,178,104,138,376,203,420,205,412,232,383,260,414,264
20130530_04_Driv_054_f ,4,54,2,15,344,177,106,134,377,205,420,206,411,234,382,257,419,262
20130530_04_Driv_055_f ,4,55,2,15,344,176,102,137,382,202,428,204,411,234,385,258,420,261
20130530_04_Driv_056_ll,4,56,3,30,353,177,101,138,388,207,432,207,422,236,387,258,424,264
20130530_04_Driv_057_ll,4,57,3,45,363,178,99,142,397,206,435,209,428,235,399,261,429,264
20130530_04_Driv_058_f ,4,58,2,15,361,168,91,139,388,198,428,203,421,225,388,248,420,252
20130530_04_Driv_059_f ,4,59,2,15,351,171,94,129,385,195,422,199,414,218,381,245,418,252
20130530_04_Driv_060_f ,4,60,2,15,343,166,100,139,376,192,417,197,405,220,379,243,412,247
20130530_04_Driv_061_f ,4,61,2,15,344,170,94,138,370,195,418,198,403,223,374,249,404,251
20130530_04_Driv_062_f ,4,62,2,15,347,176,87,128,368,199,413,200,397,220,373,246,410,251
20130530_04_Driv_063_f ,4,63,2,15,334,166,100,133,365,195,407,195,396,218,371,243,407,246
20130530_04_Driv_064_f ,4,64,2,15,333,171,94,130,361,194,404,194,391,220,369,246,400,246
20130530_04_Driv_065_f ,4,65,2,15,333,171,94,132,361,195,401,195,390,220,365,248,399,246
20130530_04_Driv_066_f ,4,66,2,15,328,170,101,134,359,193,402,195,391,218,367,248,397,242
20130530_04_Driv_067_f ,4,67,2,15,334,174,100,139,365,199,408,198,397,222,369,254,406,249
20130530_04_Driv_068_f ,4,68,2,15,341,173,98,140,366,200,410,200,397,224,370,255,407,252
20130530_04_Driv_069_f ,4,69,2,15,331,176,106,139,363,201,409,202,397,228,368,257,405,252
20130530_04_Driv_070_f ,4,70,2,15,326,173,112,139,362,198,409,198,393,228,367,253,406,251
20130530_04_Driv_071_f ,4,71,2,15,325,175,111,138,361,198,406,198,393,225,368,253,403,251
20130530_04_Driv_072_f ,4,72,2,15,324,178,107,131,358,200,407,201,389,225,364,258,405,253
20130530_04_Driv_073_f ,4,73,2,0,310,177,121,137,346,205,397,200,376,228,355,257,395,258
20130530_04_Driv_074_f ,4,74,2,0,302,175,128,136,337,207,390,202,367,229,347,257,388,255
20130530_04_Driv_075_f ,4,75,2,0,298,172,121,143,324,206,378,199,352,229,335,258,377,252
20130530_04_Driv_076_f ,4,76,2,-15,290,178,120,144,319,212,370,207,342,237,327,266,370,258
20130530_04_Driv_077_f ,4,77,2,-15,288,181,119,141,316,212,367,207,337,238,328,259,373,260
20130530_04_Driv_078_f ,4,78,2,-15,288,180,111,123,315,209,365,206,339,237,329,261,370,259
20130530_04_Driv_079_f ,4,79,2,-15,280,175,120,149,313,213,366,206,333,240,325,265,369,258
20130530_04_Driv_080_f ,4,80,2,-15,282,189,116,131,313,219,362,212,330,246,326,274,367,265
20130530_04_Driv_081_f ,4,81,2,-15,282,186,120,129,311,215,363,210,335,243,329,271,366,261
20130530_04_Driv_082_f ,4,82,2,-15,282,183,124,131,312,215,364,209,337,243,330,269,361,261
20130530_04_Driv_083_f ,4,83,2,-15,282,181,120,140,312,214,360,206,335,241,327,269,361,261
20130530_04_Driv_084_f ,4,84,2,-15,279,185,125,133,310,213,359,209,338,241,322,264,359,264
20130530_04_Driv_085_f ,4,85,2,-15,281,181,127,140,311,216,360,207,336,241,324,264,363,264
20130530_04_Driv_086_f ,4,86,2,-15,278,183,128,141,307,218,354,210,330,247,324,273,356,266
20130530_04_Driv_087_lr,4,87,1,-30,268,186,128,134,296,222,344,212,319,247,316,274,347,269
20130530_04_Driv_088_lr,4,88,1,-30,264,187,127,131,287,220,334,211,304,247,305,272,337,270
20130530_04_Driv_089_f ,4,89,2,-15,264,175,143,136,295,207,345,200,320,234,314,261,351,251
20130530_04_Driv_090_f ,4,90,2,0,266,170,141,139,303,206,354,198,331,229,319,255,362,247
